"","V1","V2","V3","V4","V5","V6","V7","V8","V9","V10","V11","V12","V13","V14","V15"
"1",0.0574712643678161,0.0574712643678161,0.0747126436781609,0.0747126436781609,0.0574712643678161,0.0747126436781609,0.0574712643678161,0.0574712643678161,0.0747126436781609,0.126436781609195,0.0574712643678161,0.0574712643678161,0.0574712643678161,0.0574712643678161,0.0574712643678161
"2",0.0773809523809524,0.0595238095238095,0.0595238095238095,0.0773809523809524,0.0595238095238095,0.0595238095238095,0.0595238095238095,0.0952380952380952,0.0773809523809524,0.0773809523809524,0.0595238095238095,0.0595238095238095,0.0595238095238095,0.0595238095238095,0.0595238095238095
"3",0.0747126436781609,0.0574712643678161,0.0574712643678161,0.0747126436781609,0.0747126436781609,0.0574712643678161,0.0574712643678161,0.0747126436781609,0.0574712643678161,0.0747126436781609,0.0747126436781609,0.0747126436781609,0.0574712643678161,0.0574712643678161,0.0747126436781609
"4",0.0919540229885058,0.0574712643678161,0.0574712643678161,0.0574712643678161,0.0747126436781609,0.0574712643678161,0.0574712643678161,0.0919540229885058,0.0574712643678161,0.0747126436781609,0.0574712643678161,0.0747126436781609,0.0747126436781609,0.0574712643678161,0.0574712643678161
"5",0.0787878787878788,0.0606060606060606,0.0606060606060606,0.0606060606060606,0.0787878787878788,0.0787878787878788,0.0606060606060606,0.0606060606060606,0.0606060606060606,0.0606060606060606,0.0787878787878788,0.0787878787878788,0.0606060606060606,0.0606060606060606,0.0606060606060606
"6",0.0833333333333333,0.0641025641025641,0.0641025641025641,0.0641025641025641,0.0641025641025641,0.0833333333333333,0.0641025641025641,0.0641025641025641,0.0641025641025641,0.0641025641025641,0.0641025641025641,0.0641025641025641,0.0641025641025641,0.0641025641025641,0.0641025641025641
"7",0.0617283950617284,0.0617283950617284,0.0617283950617284,0.0802469135802469,0.0987654320987654,0.0802469135802469,0.0617283950617284,0.0617283950617284,0.0617283950617284,0.0617283950617284,0.0617283950617284,0.0617283950617284,0.0617283950617284,0.0617283950617284,0.0617283950617284
"8",0.0617283950617284,0.0617283950617284,0.0617283950617284,0.0987654320987654,0.0802469135802469,0.0617283950617284,0.0617283950617284,0.0617283950617284,0.0617283950617284,0.0617283950617284,0.0617283950617284,0.0802469135802469,0.0617283950617284,0.0617283950617284,0.0617283950617284
"9",0.0617283950617284,0.0617283950617284,0.0617283950617284,0.0987654320987654,0.0802469135802469,0.0802469135802469,0.0617283950617284,0.0617283950617284,0.0617283950617284,0.0617283950617284,0.0617283950617284,0.0617283950617284,0.0617283950617284,0.0617283950617284,0.0617283950617284
"10",0.0628930817610063,0.0628930817610063,0.0628930817610063,0.0817610062893082,0.0628930817610063,0.0628930817610063,0.0628930817610063,0.0817610062893082,0.0628930817610063,0.0628930817610063,0.0628930817610063,0.0628930817610063,0.0817610062893082,0.0628930817610063,0.0628930817610063
"11",0.0760233918128655,0.0584795321637427,0.0584795321637427,0.0584795321637427,0.0760233918128655,0.0760233918128655,0.0584795321637427,0.0584795321637427,0.0584795321637427,0.111111111111111,0.0584795321637427,0.0584795321637427,0.0760233918128655,0.0584795321637427,0.0584795321637427
"12",0.0564971751412429,0.0564971751412429,0.0564971751412429,0.0734463276836158,0.0564971751412429,0.107344632768362,0.0564971751412429,0.0564971751412429,0.0564971751412429,0.0903954802259887,0.0564971751412429,0.0564971751412429,0.0734463276836158,0.0734463276836158,0.0734463276836158
"13",0.0564971751412429,0.0564971751412429,0.0564971751412429,0.0564971751412429,0.0734463276836158,0.124293785310734,0.0564971751412429,0.0564971751412429,0.0564971751412429,0.0903954802259887,0.0564971751412429,0.0564971751412429,0.0564971751412429,0.0734463276836158,0.0734463276836158
"14",0.0595238095238095,0.0595238095238095,0.0595238095238095,0.0595238095238095,0.0595238095238095,0.130952380952381,0.0595238095238095,0.0595238095238095,0.0595238095238095,0.0595238095238095,0.0952380952380952,0.0595238095238095,0.0595238095238095,0.0595238095238095,0.0595238095238095
"15",0.0595238095238095,0.0595238095238095,0.0595238095238095,0.0595238095238095,0.0773809523809524,0.0952380952380952,0.0595238095238095,0.0773809523809524,0.0595238095238095,0.0595238095238095,0.0952380952380952,0.0595238095238095,0.0595238095238095,0.0595238095238095,0.0595238095238095
"16",0.0574712643678161,0.0574712643678161,0.0574712643678161,0.0574712643678161,0.0747126436781609,0.0747126436781609,0.0747126436781609,0.109195402298851,0.0574712643678161,0.0574712643678161,0.0919540229885058,0.0574712643678161,0.0574712643678161,0.0574712643678161,0.0574712643678161
"17",0.0584795321637427,0.0584795321637427,0.0584795321637427,0.0760233918128655,0.0760233918128655,0.0584795321637427,0.0584795321637427,0.0935672514619883,0.0584795321637427,0.0584795321637427,0.0935672514619883,0.0584795321637427,0.0760233918128655,0.0584795321637427,0.0584795321637427
"18",0.0595238095238095,0.0595238095238095,0.0595238095238095,0.0773809523809524,0.0595238095238095,0.0595238095238095,0.0773809523809524,0.0773809523809524,0.0773809523809524,0.0595238095238095,0.0773809523809524,0.0595238095238095,0.0595238095238095,0.0773809523809524,0.0595238095238095
"19",0.0773809523809524,0.0595238095238095,0.0595238095238095,0.0773809523809524,0.0595238095238095,0.0595238095238095,0.113095238095238,0.0595238095238095,0.0773809523809524,0.0595238095238095,0.0595238095238095,0.0595238095238095,0.0595238095238095,0.0595238095238095,0.0595238095238095
"20",0.0919540229885058,0.0574712643678161,0.0574712643678161,0.0574712643678161,0.0574712643678161,0.0574712643678161,0.0919540229885058,0.0574712643678161,0.109195402298851,0.0747126436781609,0.0574712643678161,0.0574712643678161,0.0574712643678161,0.0574712643678161,0.0574712643678161
"21",0.0710382513661202,0.0546448087431694,0.0546448087431694,0.0546448087431694,0.0710382513661202,0.0546448087431694,0.0874316939890711,0.0546448087431694,0.0710382513661202,0.103825136612022,0.0710382513661202,0.0710382513661202,0.0546448087431694,0.0710382513661202,0.0546448087431694
"22",0.0874316939890711,0.0546448087431694,0.0546448087431694,0.0546448087431694,0.0710382513661202,0.0874316939890711,0.0546448087431694,0.0546448087431694,0.0546448087431694,0.0874316939890711,0.0546448087431694,0.0874316939890711,0.0710382513661202,0.0710382513661202,0.0546448087431694
"23",0.0722222222222222,0.0555555555555556,0.0555555555555556,0.0555555555555556,0.0888888888888889,0.0888888888888889,0.0555555555555556,0.0555555555555556,0.0555555555555556,0.0722222222222222,0.0555555555555556,0.0888888888888889,0.0555555555555556,0.0888888888888889,0.0555555555555556
"24",0.0710382513661202,0.0546448087431694,0.103825136612022,0.0710382513661202,0.0874316939890711,0.0710382513661202,0.0546448087431694,0.0874316939890711,0.0546448087431694,0.0546448087431694,0.0546448087431694,0.0546448087431694,0.0710382513661202,0.0546448087431694,0.0546448087431694
"25",0.0546448087431694,0.0546448087431694,0.0874316939890711,0.0874316939890711,0.103825136612022,0.0546448087431694,0.0546448087431694,0.0874316939890711,0.0546448087431694,0.0710382513661202,0.0546448087431694,0.0546448087431694,0.0710382513661202,0.0546448087431694,0.0546448087431694
"26",0.0520833333333333,0.0520833333333333,0.0833333333333333,0.0989583333333333,0.130208333333333,0.0677083333333333,0.0520833333333333,0.0677083333333333,0.0520833333333333,0.0520833333333333,0.0520833333333333,0.0520833333333333,0.0833333333333333,0.0520833333333333,0.0520833333333333
"27",0.0555555555555556,0.0555555555555556,0.0722222222222222,0.0555555555555556,0.122222222222222,0.0722222222222222,0.0722222222222222,0.0555555555555556,0.0555555555555556,0.0722222222222222,0.0555555555555556,0.0555555555555556,0.0888888888888889,0.0555555555555556,0.0555555555555556
"28",0.0564971751412429,0.0564971751412429,0.0564971751412429,0.0564971751412429,0.141242937853107,0.107344632768362,0.0564971751412429,0.0564971751412429,0.0734463276836158,0.0564971751412429,0.0564971751412429,0.0564971751412429,0.0564971751412429,0.0564971751412429,0.0564971751412429
"29",0.0787878787878788,0.0787878787878788,0.0606060606060606,0.0606060606060606,0.096969696969697,0.0787878787878788,0.0606060606060606,0.0606060606060606,0.0606060606060606,0.0606060606060606,0.0606060606060606,0.0606060606060606,0.0606060606060606,0.0606060606060606,0.0606060606060606
"30",0.0760233918128655,0.0584795321637427,0.0584795321637427,0.0584795321637427,0.0584795321637427,0.111111111111111,0.0584795321637427,0.0584795321637427,0.0935672514619883,0.0584795321637427,0.0584795321637427,0.0584795321637427,0.0584795321637427,0.0760233918128655,0.0584795321637427
"31",0.0747126436781609,0.0574712643678161,0.109195402298851,0.0574712643678161,0.0574712643678161,0.0574712643678161,0.0574712643678161,0.0574712643678161,0.0747126436781609,0.0574712643678161,0.0574712643678161,0.0747126436781609,0.0574712643678161,0.0919540229885058,0.0574712643678161
"32",0.0710382513661202,0.0546448087431694,0.0874316939890711,0.0546448087431694,0.0710382513661202,0.0710382513661202,0.0546448087431694,0.0546448087431694,0.0874316939890711,0.0546448087431694,0.0546448087431694,0.0874316939890711,0.0546448087431694,0.0874316939890711,0.0546448087431694
"33",0.0564971751412429,0.0734463276836158,0.0903954802259887,0.0564971751412429,0.0734463276836158,0.0564971751412429,0.0564971751412429,0.0564971751412429,0.0734463276836158,0.0564971751412429,0.0564971751412429,0.0903954802259887,0.0564971751412429,0.0903954802259887,0.0564971751412429
"34",0.0584795321637427,0.0584795321637427,0.0584795321637427,0.0584795321637427,0.0760233918128655,0.0760233918128655,0.0584795321637427,0.0584795321637427,0.0760233918128655,0.0584795321637427,0.0584795321637427,0.111111111111111,0.0584795321637427,0.0760233918128655,0.0584795321637427
"35",0.0606060606060606,0.0606060606060606,0.0606060606060606,0.0606060606060606,0.0606060606060606,0.0787878787878788,0.0606060606060606,0.0606060606060606,0.0606060606060606,0.0606060606060606,0.0606060606060606,0.096969696969697,0.0606060606060606,0.0787878787878788,0.0787878787878788
"36",0.0595238095238095,0.0595238095238095,0.0595238095238095,0.0595238095238095,0.0773809523809524,0.0773809523809524,0.0595238095238095,0.0595238095238095,0.0595238095238095,0.0595238095238095,0.0595238095238095,0.113095238095238,0.0595238095238095,0.0773809523809524,0.0595238095238095
"37",0.0606060606060606,0.0606060606060606,0.0606060606060606,0.0787878787878788,0.0787878787878788,0.0606060606060606,0.0606060606060606,0.0606060606060606,0.0606060606060606,0.0606060606060606,0.0606060606060606,0.115151515151515,0.0606060606060606,0.0606060606060606,0.0606060606060606
"38",0.0574712643678161,0.0574712643678161,0.0747126436781609,0.0747126436781609,0.0574712643678161,0.0574712643678161,0.0747126436781609,0.0747126436781609,0.0747126436781609,0.0574712643678161,0.0574712643678161,0.0747126436781609,0.0574712643678161,0.0919540229885058,0.0574712643678161
"39",0.0595238095238095,0.0595238095238095,0.0773809523809524,0.0773809523809524,0.0595238095238095,0.0595238095238095,0.0952380952380952,0.0773809523809524,0.0595238095238095,0.0595238095238095,0.0595238095238095,0.0595238095238095,0.0595238095238095,0.0773809523809524,0.0595238095238095
"40",0.0564971751412429,0.0734463276836158,0.0734463276836158,0.0734463276836158,0.0564971751412429,0.0564971751412429,0.0903954802259887,0.0734463276836158,0.0564971751412429,0.0564971751412429,0.0734463276836158,0.0564971751412429,0.0564971751412429,0.0903954802259887,0.0564971751412429
"41",0.0574712643678161,0.109195402298851,0.0574712643678161,0.0747126436781609,0.0574712643678161,0.0574712643678161,0.0574712643678161,0.0747126436781609,0.0574712643678161,0.0574712643678161,0.0919540229885058,0.0574712643678161,0.0574712643678161,0.0747126436781609,0.0574712643678161
"42",0.0722222222222222,0.105555555555556,0.0555555555555556,0.0722222222222222,0.0555555555555556,0.0555555555555556,0.0555555555555556,0.0722222222222222,0.0555555555555556,0.0722222222222222,0.0888888888888889,0.0555555555555556,0.0555555555555556,0.0722222222222222,0.0555555555555556
"43",0.0760233918128655,0.0760233918128655,0.0584795321637427,0.0584795321637427,0.0584795321637427,0.0760233918128655,0.0584795321637427,0.0760233918128655,0.0584795321637427,0.0760233918128655,0.0935672514619883,0.0584795321637427,0.0584795321637427,0.0584795321637427,0.0584795321637427
"44",0.0773809523809524,0.0595238095238095,0.0595238095238095,0.0773809523809524,0.0773809523809524,0.0595238095238095,0.0595238095238095,0.0595238095238095,0.0595238095238095,0.0773809523809524,0.0952380952380952,0.0595238095238095,0.0595238095238095,0.0595238095238095,0.0595238095238095
"45",0.0606060606060606,0.0606060606060606,0.0606060606060606,0.0787878787878788,0.0787878787878788,0.0787878787878788,0.0606060606060606,0.0606060606060606,0.0606060606060606,0.0606060606060606,0.096969696969697,0.0606060606060606,0.0606060606060606,0.0606060606060606,0.0606060606060606
"46",0.0595238095238095,0.0595238095238095,0.0595238095238095,0.0952380952380952,0.0773809523809524,0.0595238095238095,0.0595238095238095,0.0595238095238095,0.0595238095238095,0.0595238095238095,0.0952380952380952,0.0595238095238095,0.0773809523809524,0.0595238095238095,0.0595238095238095
"47",0.0617283950617284,0.0617283950617284,0.0617283950617284,0.0802469135802469,0.0617283950617284,0.0802469135802469,0.0617283950617284,0.0617283950617284,0.0617283950617284,0.0617283950617284,0.0617283950617284,0.0617283950617284,0.0987654320987654,0.0617283950617284,0.0617283950617284
"48",0.0617283950617284,0.0617283950617284,0.0802469135802469,0.0802469135802469,0.0617283950617284,0.0617283950617284,0.0617283950617284,0.0802469135802469,0.0617283950617284,0.0617283950617284,0.0617283950617284,0.0617283950617284,0.0802469135802469,0.0617283950617284,0.0617283950617284
"49",0.0628930817610063,0.0628930817610063,0.10062893081761,0.0817610062893082,0.0628930817610063,0.0628930817610063,0.0628930817610063,0.0628930817610063,0.0628930817610063,0.0628930817610063,0.0628930817610063,0.0628930817610063,0.0628930817610063,0.0628930817610063,0.0628930817610063
"50",0.0606060606060606,0.0606060606060606,0.096969696969697,0.0606060606060606,0.0606060606060606,0.0606060606060606,0.0606060606060606,0.0606060606060606,0.0787878787878788,0.0606060606060606,0.0606060606060606,0.0787878787878788,0.0787878787878788,0.0606060606060606,0.0606060606060606
"51",0.0606060606060606,0.0606060606060606,0.0787878787878788,0.0606060606060606,0.0606060606060606,0.0606060606060606,0.0606060606060606,0.0606060606060606,0.0787878787878788,0.0606060606060606,0.0787878787878788,0.0787878787878788,0.0787878787878788,0.0606060606060606,0.0606060606060606
"52",0.0584795321637427,0.0584795321637427,0.0760233918128655,0.0584795321637427,0.0584795321637427,0.0584795321637427,0.0584795321637427,0.0584795321637427,0.0760233918128655,0.0760233918128655,0.0935672514619883,0.0760233918128655,0.0760233918128655,0.0584795321637427,0.0584795321637427
"53",0.0595238095238095,0.0773809523809524,0.0952380952380952,0.0595238095238095,0.0595238095238095,0.0595238095238095,0.0595238095238095,0.0773809523809524,0.0595238095238095,0.0595238095238095,0.0773809523809524,0.0595238095238095,0.0595238095238095,0.0773809523809524,0.0595238095238095
"54",0.0584795321637427,0.0584795321637427,0.0760233918128655,0.0584795321637427,0.0760233918128655,0.0584795321637427,0.0584795321637427,0.0760233918128655,0.0935672514619883,0.0584795321637427,0.0760233918128655,0.0760233918128655,0.0584795321637427,0.0584795321637427,0.0584795321637427
"55",0.0584795321637427,0.0584795321637427,0.0760233918128655,0.0584795321637427,0.0935672514619883,0.0584795321637427,0.0584795321637427,0.0760233918128655,0.0935672514619883,0.0584795321637427,0.0584795321637427,0.0760233918128655,0.0584795321637427,0.0584795321637427,0.0584795321637427
"56",0.0564971751412429,0.0564971751412429,0.107344632768362,0.0734463276836158,0.0734463276836158,0.0734463276836158,0.0564971751412429,0.0734463276836158,0.0564971751412429,0.0564971751412429,0.0564971751412429,0.0903954802259887,0.0564971751412429,0.0564971751412429,0.0564971751412429
"57",0.0574712643678161,0.0574712643678161,0.126436781609195,0.0574712643678161,0.0574712643678161,0.0747126436781609,0.0574712643678161,0.0574712643678161,0.0574712643678161,0.0574712643678161,0.0574712643678161,0.109195402298851,0.0574712643678161,0.0574712643678161,0.0574712643678161
"58",0.0595238095238095,0.0595238095238095,0.0952380952380952,0.0595238095238095,0.0595238095238095,0.0773809523809524,0.0595238095238095,0.0595238095238095,0.0595238095238095,0.0595238095238095,0.0595238095238095,0.0952380952380952,0.0595238095238095,0.0773809523809524,0.0595238095238095
"59",0.0595238095238095,0.0595238095238095,0.0595238095238095,0.0595238095238095,0.0773809523809524,0.0773809523809524,0.0595238095238095,0.0595238095238095,0.0595238095238095,0.0773809523809524,0.0595238095238095,0.0952380952380952,0.0595238095238095,0.0773809523809524,0.0595238095238095
"60",0.0595238095238095,0.0595238095238095,0.0595238095238095,0.0595238095238095,0.0595238095238095,0.0773809523809524,0.0773809523809524,0.0595238095238095,0.0595238095238095,0.0773809523809524,0.0595238095238095,0.0952380952380952,0.0595238095238095,0.0773809523809524,0.0595238095238095
"61",0.0584795321637427,0.0584795321637427,0.0584795321637427,0.0584795321637427,0.0584795321637427,0.0760233918128655,0.0935672514619883,0.0584795321637427,0.0584795321637427,0.0935672514619883,0.0584795321637427,0.0760233918128655,0.0584795321637427,0.0584795321637427,0.0760233918128655
"62",0.0606060606060606,0.0606060606060606,0.0606060606060606,0.0606060606060606,0.0606060606060606,0.0606060606060606,0.0787878787878788,0.0606060606060606,0.0787878787878788,0.096969696969697,0.0606060606060606,0.0787878787878788,0.0606060606060606,0.0606060606060606,0.0606060606060606
"63",0.0584795321637427,0.0584795321637427,0.0760233918128655,0.0584795321637427,0.0584795321637427,0.0584795321637427,0.0760233918128655,0.0584795321637427,0.0760233918128655,0.111111111111111,0.0760233918128655,0.0584795321637427,0.0584795321637427,0.0584795321637427,0.0584795321637427
"64",0.0574712643678161,0.0574712643678161,0.0747126436781609,0.0574712643678161,0.0574712643678161,0.0574712643678161,0.0747126436781609,0.0747126436781609,0.0919540229885058,0.0747126436781609,0.0747126436781609,0.0574712643678161,0.0574712643678161,0.0747126436781609,0.0574712643678161
"65",0.0574712643678161,0.0747126436781609,0.0747126436781609,0.0747126436781609,0.0574712643678161,0.0574712643678161,0.0574712643678161,0.0574712643678161,0.0747126436781609,0.0919540229885058,0.0747126436781609,0.0574712643678161,0.0747126436781609,0.0574712643678161,0.0574712643678161
"66",0.0564971751412429,0.0734463276836158,0.0564971751412429,0.0734463276836158,0.0564971751412429,0.0564971751412429,0.0564971751412429,0.124293785310734,0.0903954802259887,0.0734463276836158,0.0564971751412429,0.0564971751412429,0.0564971751412429,0.0564971751412429,0.0564971751412429
"67",0.0564971751412429,0.0564971751412429,0.0734463276836158,0.0734463276836158,0.0564971751412429,0.0564971751412429,0.0734463276836158,0.107344632768362,0.0564971751412429,0.0564971751412429,0.0564971751412429,0.0564971751412429,0.107344632768362,0.0564971751412429,0.0564971751412429
"68",0.0747126436781609,0.0574712643678161,0.0574712643678161,0.0574712643678161,0.0574712643678161,0.0919540229885058,0.0919540229885058,0.109195402298851,0.0574712643678161,0.0574712643678161,0.0574712643678161,0.0574712643678161,0.0574712643678161,0.0574712643678161,0.0574712643678161
"69",0.0595238095238095,0.0595238095238095,0.0952380952380952,0.0952380952380952,0.0595238095238095,0.0595238095238095,0.0595238095238095,0.0773809523809524,0.0595238095238095,0.0595238095238095,0.0595238095238095,0.0595238095238095,0.0595238095238095,0.0595238095238095,0.0773809523809524
"70",0.0628930817610063,0.0628930817610063,0.0817610062893082,0.0628930817610063,0.0628930817610063,0.0628930817610063,0.0628930817610063,0.0817610062893082,0.0628930817610063,0.0628930817610063,0.0628930817610063,0.0628930817610063,0.0817610062893082,0.0628930817610063,0.0628930817610063
"71",0.0584795321637427,0.0584795321637427,0.0935672514619883,0.0584795321637427,0.0584795321637427,0.0584795321637427,0.111111111111111,0.0935672514619883,0.0584795321637427,0.0584795321637427,0.0584795321637427,0.0584795321637427,0.0584795321637427,0.0584795321637427,0.0584795321637427
"72",0.0564971751412429,0.0564971751412429,0.0734463276836158,0.0564971751412429,0.0734463276836158,0.0564971751412429,0.0903954802259887,0.0734463276836158,0.0564971751412429,0.0564971751412429,0.0564971751412429,0.107344632768362,0.0564971751412429,0.0564971751412429,0.0734463276836158
"73",0.0529100529100529,0.0529100529100529,0.0687830687830688,0.0529100529100529,0.0687830687830688,0.100529100529101,0.0846560846560847,0.0529100529100529,0.0529100529100529,0.0529100529100529,0.0529100529100529,0.116402116402116,0.0529100529100529,0.0529100529100529,0.0846560846560847
"74",0.0564971751412429,0.0564971751412429,0.0564971751412429,0.0564971751412429,0.0734463276836158,0.107344632768362,0.0564971751412429,0.0564971751412429,0.0564971751412429,0.0564971751412429,0.0564971751412429,0.107344632768362,0.0564971751412429,0.0564971751412429,0.0903954802259887
"75",0.0574712643678161,0.0574712643678161,0.0574712643678161,0.0574712643678161,0.0574712643678161,0.109195402298851,0.0574712643678161,0.0574712643678161,0.0747126436781609,0.0574712643678161,0.0574712643678161,0.0747126436781609,0.0747126436781609,0.0919540229885058,0.0574712643678161
"76",0.0584795321637427,0.0584795321637427,0.0584795321637427,0.0584795321637427,0.0584795321637427,0.111111111111111,0.0760233918128655,0.0584795321637427,0.0584795321637427,0.0584795321637427,0.0584795321637427,0.0760233918128655,0.0584795321637427,0.0760233918128655,0.0760233918128655
"77",0.0546448087431694,0.0546448087431694,0.0546448087431694,0.0546448087431694,0.0546448087431694,0.103825136612022,0.0710382513661202,0.0546448087431694,0.0546448087431694,0.0874316939890711,0.0546448087431694,0.0710382513661202,0.0710382513661202,0.0874316939890711,0.0710382513661202
"78",0.0564971751412429,0.0734463276836158,0.0564971751412429,0.0564971751412429,0.0564971751412429,0.107344632768362,0.0564971751412429,0.0564971751412429,0.0564971751412429,0.107344632768362,0.0564971751412429,0.0564971751412429,0.0564971751412429,0.0734463276836158,0.0734463276836158
"79",0.0584795321637427,0.0760233918128655,0.0584795321637427,0.0760233918128655,0.0584795321637427,0.0584795321637427,0.0584795321637427,0.0584795321637427,0.0584795321637427,0.0935672514619883,0.0584795321637427,0.0760233918128655,0.0760233918128655,0.0760233918128655,0.0584795321637427
"80",0.0606060606060606,0.096969696969697,0.0787878787878788,0.0606060606060606,0.0606060606060606,0.0606060606060606,0.0606060606060606,0.0606060606060606,0.0606060606060606,0.0606060606060606,0.0606060606060606,0.0606060606060606,0.0787878787878788,0.0787878787878788,0.0606060606060606
"81",0.0595238095238095,0.0773809523809524,0.0952380952380952,0.0773809523809524,0.0595238095238095,0.0595238095238095,0.0595238095238095,0.0595238095238095,0.0595238095238095,0.0595238095238095,0.0595238095238095,0.0595238095238095,0.0773809523809524,0.0773809523809524,0.0595238095238095
"82",0.0584795321637427,0.0760233918128655,0.0935672514619883,0.0760233918128655,0.0584795321637427,0.0584795321637427,0.0584795321637427,0.0760233918128655,0.0584795321637427,0.0584795321637427,0.0584795321637427,0.0760233918128655,0.0584795321637427,0.0760233918128655,0.0584795321637427
"83",0.0584795321637427,0.0584795321637427,0.0584795321637427,0.0760233918128655,0.0584795321637427,0.0584795321637427,0.0584795321637427,0.128654970760234,0.0584795321637427,0.0584795321637427,0.0584795321637427,0.0760233918128655,0.0584795321637427,0.0760233918128655,0.0584795321637427
"84",0.0584795321637427,0.0584795321637427,0.0760233918128655,0.0584795321637427,0.0584795321637427,0.0584795321637427,0.0584795321637427,0.146198830409357,0.0584795321637427,0.0584795321637427,0.0584795321637427,0.0760233918128655,0.0584795321637427,0.0584795321637427,0.0584795321637427
"85",0.0555555555555556,0.0555555555555556,0.0722222222222222,0.0555555555555556,0.0722222222222222,0.0555555555555556,0.0555555555555556,0.188888888888889,0.0555555555555556,0.0555555555555556,0.0555555555555556,0.0555555555555556,0.0555555555555556,0.0555555555555556,0.0555555555555556
"86",0.0574712643678161,0.0574712643678161,0.0747126436781609,0.0574712643678161,0.0574712643678161,0.0574712643678161,0.0574712643678161,0.160919540229885,0.0574712643678161,0.0574712643678161,0.0574712643678161,0.0574712643678161,0.0747126436781609,0.0574712643678161,0.0574712643678161
"87",0.0574712643678161,0.0574712643678161,0.0747126436781609,0.0574712643678161,0.109195402298851,0.0574712643678161,0.0747126436781609,0.109195402298851,0.0574712643678161,0.0574712643678161,0.0574712643678161,0.0574712643678161,0.0574712643678161,0.0574712643678161,0.0574712643678161
"88",0.0606060606060606,0.0606060606060606,0.0606060606060606,0.0606060606060606,0.0606060606060606,0.0606060606060606,0.0606060606060606,0.151515151515152,0.0606060606060606,0.0606060606060606,0.0606060606060606,0.0606060606060606,0.0606060606060606,0.0606060606060606,0.0606060606060606
"89",0.0595238095238095,0.0595238095238095,0.0595238095238095,0.0595238095238095,0.0595238095238095,0.0595238095238095,0.0773809523809524,0.148809523809524,0.0595238095238095,0.0595238095238095,0.0595238095238095,0.0595238095238095,0.0595238095238095,0.0595238095238095,0.0595238095238095
"90",0.0595238095238095,0.0595238095238095,0.0595238095238095,0.0595238095238095,0.0773809523809524,0.0595238095238095,0.0773809523809524,0.113095238095238,0.0773809523809524,0.0595238095238095,0.0595238095238095,0.0595238095238095,0.0595238095238095,0.0595238095238095,0.0595238095238095
"91",0.0574712643678161,0.0574712643678161,0.0574712643678161,0.0919540229885058,0.0747126436781609,0.0574712643678161,0.0574712643678161,0.109195402298851,0.0747126436781609,0.0574712643678161,0.0574712643678161,0.0574712643678161,0.0574712643678161,0.0574712643678161,0.0747126436781609
"92",0.0595238095238095,0.0595238095238095,0.0595238095238095,0.0773809523809524,0.0773809523809524,0.0595238095238095,0.0952380952380952,0.0773809523809524,0.0595238095238095,0.0595238095238095,0.0773809523809524,0.0595238095238095,0.0595238095238095,0.0595238095238095,0.0595238095238095
"93",0.0595238095238095,0.0595238095238095,0.0595238095238095,0.0595238095238095,0.0595238095238095,0.0595238095238095,0.0595238095238095,0.130952380952381,0.0595238095238095,0.0595238095238095,0.0773809523809524,0.0595238095238095,0.0595238095238095,0.0773809523809524,0.0595238095238095
"94",0.0617283950617284,0.0617283950617284,0.0617283950617284,0.0617283950617284,0.0802469135802469,0.0617283950617284,0.0617283950617284,0.0987654320987654,0.0802469135802469,0.0617283950617284,0.0617283950617284,0.0617283950617284,0.0617283950617284,0.0617283950617284,0.0617283950617284
"95",0.0584795321637427,0.0584795321637427,0.0584795321637427,0.0584795321637427,0.0760233918128655,0.0584795321637427,0.0760233918128655,0.128654970760234,0.0584795321637427,0.0584795321637427,0.0760233918128655,0.0584795321637427,0.0584795321637427,0.0584795321637427,0.0584795321637427
"96",0.0564971751412429,0.0903954802259887,0.0564971751412429,0.0564971751412429,0.0734463276836158,0.0564971751412429,0.0564971751412429,0.0734463276836158,0.0734463276836158,0.0903954802259887,0.0734463276836158,0.0564971751412429,0.0734463276836158,0.0564971751412429,0.0564971751412429
"97",0.0574712643678161,0.0919540229885058,0.0574712643678161,0.0574712643678161,0.0747126436781609,0.0574712643678161,0.0574712643678161,0.0574712643678161,0.0574712643678161,0.0919540229885058,0.0747126436781609,0.0747126436781609,0.0747126436781609,0.0574712643678161,0.0574712643678161
"98",0.0595238095238095,0.113095238095238,0.0595238095238095,0.0773809523809524,0.0595238095238095,0.0595238095238095,0.0595238095238095,0.0595238095238095,0.0595238095238095,0.0773809523809524,0.0595238095238095,0.0595238095238095,0.0773809523809524,0.0595238095238095,0.0595238095238095
"99",0.0628930817610063,0.0628930817610063,0.0628930817610063,0.10062893081761,0.0628930817610063,0.0628930817610063,0.0628930817610063,0.0628930817610063,0.0628930817610063,0.0817610062893082,0.0628930817610063,0.0628930817610063,0.0628930817610063,0.0628930817610063,0.0628930817610063
"100",0.0628930817610063,0.0628930817610063,0.0628930817610063,0.10062893081761,0.0628930817610063,0.0817610062893082,0.0628930817610063,0.0628930817610063,0.0628930817610063,0.0628930817610063,0.0628930817610063,0.0628930817610063,0.0628930817610063,0.0628930817610063,0.0628930817610063
"101",0.0606060606060606,0.0606060606060606,0.0606060606060606,0.0787878787878788,0.0606060606060606,0.115151515151515,0.0606060606060606,0.0606060606060606,0.0787878787878788,0.0606060606060606,0.0606060606060606,0.0606060606060606,0.0606060606060606,0.0606060606060606,0.0606060606060606
"102",0.0595238095238095,0.0773809523809524,0.0595238095238095,0.0595238095238095,0.0595238095238095,0.113095238095238,0.0595238095238095,0.0595238095238095,0.0773809523809524,0.0595238095238095,0.0595238095238095,0.0595238095238095,0.0773809523809524,0.0595238095238095,0.0595238095238095
"103",0.0773809523809524,0.0773809523809524,0.0595238095238095,0.0595238095238095,0.0595238095238095,0.113095238095238,0.0595238095238095,0.0595238095238095,0.0773809523809524,0.0595238095238095,0.0595238095238095,0.0595238095238095,0.0595238095238095,0.0595238095238095,0.0595238095238095
"104",0.115151515151515,0.0787878787878788,0.0606060606060606,0.0606060606060606,0.0606060606060606,0.0787878787878788,0.0606060606060606,0.0606060606060606,0.0606060606060606,0.0606060606060606,0.0606060606060606,0.0606060606060606,0.0606060606060606,0.0606060606060606,0.0606060606060606
"105",0.0802469135802469,0.0617283950617284,0.0802469135802469,0.0617283950617284,0.0802469135802469,0.0617283950617284,0.0617283950617284,0.0802469135802469,0.0617283950617284,0.0617283950617284,0.0617283950617284,0.0617283950617284,0.0617283950617284,0.0617283950617284,0.0617283950617284
"106",0.10062893081761,0.0628930817610063,0.0628930817610063,0.0628930817610063,0.0817610062893082,0.0628930817610063,0.0628930817610063,0.0628930817610063,0.0628930817610063,0.0628930817610063,0.0628930817610063,0.0628930817610063,0.0628930817610063,0.0628930817610063,0.0628930817610063
"107",0.0606060606060606,0.0606060606060606,0.0787878787878788,0.096969696969697,0.0787878787878788,0.0787878787878788,0.0606060606060606,0.0606060606060606,0.0606060606060606,0.0606060606060606,0.0606060606060606,0.0606060606060606,0.0606060606060606,0.0606060606060606,0.0606060606060606
"108",0.0595238095238095,0.0595238095238095,0.0773809523809524,0.0952380952380952,0.0595238095238095,0.0952380952380952,0.0595238095238095,0.0773809523809524,0.0595238095238095,0.0595238095238095,0.0595238095238095,0.0595238095238095,0.0595238095238095,0.0595238095238095,0.0595238095238095
"109",0.0564971751412429,0.0564971751412429,0.0734463276836158,0.0903954802259887,0.0564971751412429,0.107344632768362,0.0564971751412429,0.0564971751412429,0.0734463276836158,0.0564971751412429,0.0564971751412429,0.0564971751412429,0.0564971751412429,0.0564971751412429,0.0903954802259887
"110",0.0584795321637427,0.0584795321637427,0.0584795321637427,0.128654970760234,0.0584795321637427,0.0760233918128655,0.0584795321637427,0.0584795321637427,0.0760233918128655,0.0584795321637427,0.0584795321637427,0.0584795321637427,0.0584795321637427,0.0584795321637427,0.0760233918128655
"111",0.0773809523809524,0.0595238095238095,0.0595238095238095,0.0773809523809524,0.0595238095238095,0.0773809523809524,0.0595238095238095,0.0595238095238095,0.0595238095238095,0.0595238095238095,0.0773809523809524,0.0595238095238095,0.0595238095238095,0.0595238095238095,0.0952380952380952
"112",0.096969696969697,0.0606060606060606,0.0606060606060606,0.0787878787878788,0.0606060606060606,0.0606060606060606,0.0606060606060606,0.0606060606060606,0.0606060606060606,0.0606060606060606,0.0606060606060606,0.0787878787878788,0.0787878787878788,0.0606060606060606,0.0606060606060606
"113",0.0787878787878788,0.0606060606060606,0.0787878787878788,0.0606060606060606,0.0606060606060606,0.0787878787878788,0.0606060606060606,0.0606060606060606,0.0606060606060606,0.0606060606060606,0.0606060606060606,0.0787878787878788,0.0787878787878788,0.0606060606060606,0.0606060606060606
"114",0.0584795321637427,0.0584795321637427,0.0584795321637427,0.0584795321637427,0.0584795321637427,0.0760233918128655,0.0584795321637427,0.0584795321637427,0.0584795321637427,0.0584795321637427,0.0584795321637427,0.0760233918128655,0.146198830409357,0.0584795321637427,0.0584795321637427
"115",0.0773809523809524,0.0595238095238095,0.0595238095238095,0.0595238095238095,0.0595238095238095,0.0773809523809524,0.0595238095238095,0.0595238095238095,0.0595238095238095,0.0595238095238095,0.0595238095238095,0.0595238095238095,0.130952380952381,0.0595238095238095,0.0595238095238095
"116",0.0773809523809524,0.0595238095238095,0.0595238095238095,0.0595238095238095,0.0773809523809524,0.0595238095238095,0.0595238095238095,0.0595238095238095,0.0595238095238095,0.0595238095238095,0.0595238095238095,0.0773809523809524,0.113095238095238,0.0595238095238095,0.0595238095238095
"117",0.0773809523809524,0.0595238095238095,0.0595238095238095,0.0773809523809524,0.0773809523809524,0.0595238095238095,0.0595238095238095,0.0773809523809524,0.0773809523809524,0.0595238095238095,0.0595238095238095,0.0773809523809524,0.0595238095238095,0.0595238095238095,0.0595238095238095
"118",0.0595238095238095,0.0773809523809524,0.0595238095238095,0.0952380952380952,0.0595238095238095,0.0595238095238095,0.0595238095238095,0.0773809523809524,0.0773809523809524,0.0595238095238095,0.0595238095238095,0.0773809523809524,0.0595238095238095,0.0595238095238095,0.0595238095238095
"119",0.0606060606060606,0.0606060606060606,0.0787878787878788,0.0787878787878788,0.0787878787878788,0.0606060606060606,0.0606060606060606,0.0787878787878788,0.0787878787878788,0.0606060606060606,0.0606060606060606,0.0606060606060606,0.0606060606060606,0.0606060606060606,0.0606060606060606
"120",0.0802469135802469,0.0617283950617284,0.0617283950617284,0.0802469135802469,0.0617283950617284,0.0617283950617284,0.0617283950617284,0.0802469135802469,0.0617283950617284,0.0617283950617284,0.0617283950617284,0.0617283950617284,0.0617283950617284,0.0617283950617284,0.0802469135802469
"121",0.0584795321637427,0.0584795321637427,0.0935672514619883,0.0584795321637427,0.0935672514619883,0.0584795321637427,0.0584795321637427,0.0760233918128655,0.0584795321637427,0.0584795321637427,0.0760233918128655,0.0584795321637427,0.0584795321637427,0.0584795321637427,0.0760233918128655
"122",0.0564971751412429,0.0564971751412429,0.0564971751412429,0.0564971751412429,0.0903954802259887,0.0564971751412429,0.0734463276836158,0.124293785310734,0.0564971751412429,0.0564971751412429,0.0734463276836158,0.0564971751412429,0.0734463276836158,0.0564971751412429,0.0564971751412429
"123",0.0555555555555556,0.0555555555555556,0.0888888888888889,0.0555555555555556,0.0888888888888889,0.0555555555555556,0.0555555555555556,0.138888888888889,0.0555555555555556,0.0555555555555556,0.0722222222222222,0.0555555555555556,0.0555555555555556,0.0555555555555556,0.0555555555555556
"124",0.0555555555555556,0.0555555555555556,0.0555555555555556,0.0555555555555556,0.0888888888888889,0.0555555555555556,0.105555555555556,0.138888888888889,0.0555555555555556,0.0555555555555556,0.0555555555555556,0.0555555555555556,0.0555555555555556,0.0555555555555556,0.0555555555555556
"125",0.0555555555555556,0.0555555555555556,0.0888888888888889,0.0555555555555556,0.105555555555556,0.0555555555555556,0.0722222222222222,0.0888888888888889,0.0555555555555556,0.0555555555555556,0.0555555555555556,0.0555555555555556,0.0722222222222222,0.0555555555555556,0.0722222222222222
"126",0.0555555555555556,0.0555555555555556,0.0722222222222222,0.0555555555555556,0.105555555555556,0.0555555555555556,0.105555555555556,0.0555555555555556,0.0555555555555556,0.0722222222222222,0.0555555555555556,0.0555555555555556,0.0722222222222222,0.0555555555555556,0.0722222222222222
"127",0.0574712643678161,0.0747126436781609,0.0919540229885058,0.0574712643678161,0.0747126436781609,0.0574712643678161,0.0747126436781609,0.0574712643678161,0.0574712643678161,0.0574712643678161,0.0747126436781609,0.0747126436781609,0.0574712643678161,0.0747126436781609,0.0574712643678161
"128",0.0584795321637427,0.0760233918128655,0.0584795321637427,0.0584795321637427,0.0584795321637427,0.0584795321637427,0.0760233918128655,0.0584795321637427,0.0760233918128655,0.0584795321637427,0.0760233918128655,0.0935672514619883,0.0584795321637427,0.0760233918128655,0.0584795321637427
"129",0.0584795321637427,0.0760233918128655,0.0760233918128655,0.0760233918128655,0.0760233918128655,0.0584795321637427,0.0584795321637427,0.0760233918128655,0.0584795321637427,0.0584795321637427,0.0584795321637427,0.0760233918128655,0.0584795321637427,0.0760233918128655,0.0584795321637427
"130",0.0584795321637427,0.0584795321637427,0.0935672514619883,0.0584795321637427,0.0760233918128655,0.0584795321637427,0.0584795321637427,0.0935672514619883,0.0584795321637427,0.0584795321637427,0.0584795321637427,0.0760233918128655,0.0584795321637427,0.0584795321637427,0.0760233918128655
"131",0.0595238095238095,0.0595238095238095,0.0773809523809524,0.0952380952380952,0.0773809523809524,0.0773809523809524,0.0595238095238095,0.0773809523809524,0.0595238095238095,0.0595238095238095,0.0595238095238095,0.0595238095238095,0.0595238095238095,0.0595238095238095,0.0595238095238095
"132",0.0617283950617284,0.0617283950617284,0.0617283950617284,0.0987654320987654,0.0802469135802469,0.0802469135802469,0.0617283950617284,0.0617283950617284,0.0617283950617284,0.0617283950617284,0.0617283950617284,0.0617283950617284,0.0617283950617284,0.0617283950617284,0.0617283950617284
"133",0.0817610062893082,0.0628930817610063,0.0817610062893082,0.0817610062893082,0.0628930817610063,0.0628930817610063,0.0628930817610063,0.0628930817610063,0.0628930817610063,0.0628930817610063,0.0628930817610063,0.0628930817610063,0.0628930817610063,0.0628930817610063,0.0628930817610063
"134",0.0787878787878788,0.0606060606060606,0.0606060606060606,0.0606060606060606,0.0606060606060606,0.0787878787878788,0.0606060606060606,0.0606060606060606,0.0787878787878788,0.0606060606060606,0.0606060606060606,0.0606060606060606,0.0787878787878788,0.0606060606060606,0.0787878787878788
"135",0.0773809523809524,0.0773809523809524,0.0595238095238095,0.0595238095238095,0.0773809523809524,0.0773809523809524,0.0595238095238095,0.0773809523809524,0.0595238095238095,0.0595238095238095,0.0595238095238095,0.0773809523809524,0.0595238095238095,0.0595238095238095,0.0595238095238095
"136",0.0555555555555556,0.0888888888888889,0.0555555555555556,0.0555555555555556,0.0722222222222222,0.0888888888888889,0.0555555555555556,0.0555555555555556,0.138888888888889,0.0555555555555556,0.0555555555555556,0.0555555555555556,0.0555555555555556,0.0555555555555556,0.0555555555555556
"137",0.0584795321637427,0.111111111111111,0.0584795321637427,0.0584795321637427,0.0760233918128655,0.0760233918128655,0.0584795321637427,0.0584795321637427,0.0760233918128655,0.0584795321637427,0.0584795321637427,0.0584795321637427,0.0584795321637427,0.0760233918128655,0.0584795321637427
